import{g as _S,o as ya,r as U_,Q as xS,E as Lp}from"./index-BXbogXxd.js";var yS=1e-6,ui=typeof Float32Array<"u"?Float32Array:Array;Math.hypot||(Math.hypot=function(){for(var n=0,e=arguments.length;e--;)n+=arguments[e]*arguments[e];return Math.sqrt(n)});function SS(){var n=new ui(9);return ui!=Float32Array&&(n[1]=0,n[2]=0,n[3]=0,n[5]=0,n[6]=0,n[7]=0),n[0]=1,n[4]=1,n[8]=1,n}function oi(){var n=new ui(16);return ui!=Float32Array&&(n[1]=0,n[2]=0,n[3]=0,n[4]=0,n[6]=0,n[7]=0,n[8]=0,n[9]=0,n[11]=0,n[12]=0,n[13]=0,n[14]=0),n[0]=1,n[5]=1,n[10]=1,n[15]=1,n}function MS(n){var e=new ui(16);return e[0]=n[0],e[1]=n[1],e[2]=n[2],e[3]=n[3],e[4]=n[4],e[5]=n[5],e[6]=n[6],e[7]=n[7],e[8]=n[8],e[9]=n[9],e[10]=n[10],e[11]=n[11],e[12]=n[12],e[13]=n[13],e[14]=n[14],e[15]=n[15],e}function F_(n,e){return n[0]=e[0],n[1]=e[1],n[2]=e[2],n[3]=e[3],n[4]=e[4],n[5]=e[5],n[6]=e[6],n[7]=e[7],n[8]=e[8],n[9]=e[9],n[10]=e[10],n[11]=e[11],n[12]=e[12],n[13]=e[13],n[14]=e[14],n[15]=e[15],n}function O_(n,e){var t=e[0],r=e[1],a=e[2],o=e[3],c=e[4],f=e[5],d=e[6],h=e[7],m=e[8],x=e[9],_=e[10],S=e[11],E=e[12],M=e[13],g=e[14],v=e[15],T=t*f-r*c,w=t*d-a*c,b=t*h-o*c,U=r*d-a*f,I=r*h-o*f,D=a*h-o*d,G=m*M-x*E,L=m*g-_*E,R=m*v-S*E,k=x*g-_*M,Q=x*v-S*M,Y=_*v-S*g,W=T*Y-w*Q+b*k+U*R-I*L+D*G;return W?(W=1/W,n[0]=(f*Y-d*Q+h*k)*W,n[1]=(a*Q-r*Y-o*k)*W,n[2]=(M*D-g*I+v*U)*W,n[3]=(_*I-x*D-S*U)*W,n[4]=(d*R-c*Y-h*L)*W,n[5]=(t*Y-a*R+o*L)*W,n[6]=(g*b-E*D-v*w)*W,n[7]=(m*D-_*b+S*w)*W,n[8]=(c*Q-f*R+h*G)*W,n[9]=(r*R-t*Q-o*G)*W,n[10]=(E*I-M*b+v*T)*W,n[11]=(x*b-m*I-S*T)*W,n[12]=(f*L-c*k-d*G)*W,n[13]=(t*k-r*L+a*G)*W,n[14]=(M*w-E*U-g*T)*W,n[15]=(m*U-x*w+_*T)*W,n):null}function k_(n,e,t){var r=e[0],a=e[1],o=e[2],c=e[3],f=e[4],d=e[5],h=e[6],m=e[7],x=e[8],_=e[9],S=e[10],E=e[11],M=e[12],g=e[13],v=e[14],T=e[15],w=t[0],b=t[1],U=t[2],I=t[3];return n[0]=w*r+b*f+U*x+I*M,n[1]=w*a+b*d+U*_+I*g,n[2]=w*o+b*h+U*S+I*v,n[3]=w*c+b*m+U*E+I*T,w=t[4],b=t[5],U=t[6],I=t[7],n[4]=w*r+b*f+U*x+I*M,n[5]=w*a+b*d+U*_+I*g,n[6]=w*o+b*h+U*S+I*v,n[7]=w*c+b*m+U*E+I*T,w=t[8],b=t[9],U=t[10],I=t[11],n[8]=w*r+b*f+U*x+I*M,n[9]=w*a+b*d+U*_+I*g,n[10]=w*o+b*h+U*S+I*v,n[11]=w*c+b*m+U*E+I*T,w=t[12],b=t[13],U=t[14],I=t[15],n[12]=w*r+b*f+U*x+I*M,n[13]=w*a+b*d+U*_+I*g,n[14]=w*o+b*h+U*S+I*v,n[15]=w*c+b*m+U*E+I*T,n}function Yl(n,e){return n[0]=1,n[1]=0,n[2]=0,n[3]=0,n[4]=0,n[5]=1,n[6]=0,n[7]=0,n[8]=0,n[9]=0,n[10]=1,n[11]=0,n[12]=e[0],n[13]=e[1],n[14]=e[2],n[15]=1,n}function rc(n,e,t){var r=e[0],a=e[1],o=e[2],c=e[3],f=r+r,d=a+a,h=o+o,m=r*f,x=r*d,_=r*h,S=a*d,E=a*h,M=o*h,g=c*f,v=c*d,T=c*h;return n[0]=1-(S+M),n[1]=x+T,n[2]=_-v,n[3]=0,n[4]=x-T,n[5]=1-(m+M),n[6]=E+g,n[7]=0,n[8]=_+v,n[9]=E-g,n[10]=1-(m+S),n[11]=0,n[12]=t[0],n[13]=t[1],n[14]=t[2],n[15]=1,n}function $l(n,e){return n[0]=e[12],n[1]=e[13],n[2]=e[14],n}function Ip(n,e){var t=e[0],r=e[1],a=e[2],o=e[4],c=e[5],f=e[6],d=e[8],h=e[9],m=e[10];return n[0]=Math.hypot(t,r,a),n[1]=Math.hypot(o,c,f),n[2]=Math.hypot(d,h,m),n}function pf(n,e){var t=new ui(3);Ip(t,e);var r=1/t[0],a=1/t[1],o=1/t[2],c=e[0]*r,f=e[1]*a,d=e[2]*o,h=e[4]*r,m=e[5]*a,x=e[6]*o,_=e[8]*r,S=e[9]*a,E=e[10]*o,M=c+m+E,g=0;return M>0?(g=Math.sqrt(M+1)*2,n[3]=.25*g,n[0]=(x-S)/g,n[1]=(_-d)/g,n[2]=(f-h)/g):c>m&&c>E?(g=Math.sqrt(1+c-m-E)*2,n[3]=(x-S)/g,n[0]=.25*g,n[1]=(f+h)/g,n[2]=(_+d)/g):m>E?(g=Math.sqrt(1+m-c-E)*2,n[3]=(_-d)/g,n[0]=(f+h)/g,n[1]=.25*g,n[2]=(x+S)/g):(g=Math.sqrt(1+E-c-m)*2,n[3]=(f-h)/g,n[0]=(_+d)/g,n[1]=(x+S)/g,n[2]=.25*g),n}function ES(n,e,t,r){var a=e[0],o=e[1],c=e[2],f=e[3],d=a+a,h=o+o,m=c+c,x=a*d,_=a*h,S=a*m,E=o*h,M=o*m,g=c*m,v=f*d,T=f*h,w=f*m,b=r[0],U=r[1],I=r[2];return n[0]=(1-(E+g))*b,n[1]=(_+w)*b,n[2]=(S-T)*b,n[3]=0,n[4]=(_-w)*U,n[5]=(1-(x+g))*U,n[6]=(M+v)*U,n[7]=0,n[8]=(S+T)*I,n[9]=(M-v)*I,n[10]=(1-(x+E))*I,n[11]=0,n[12]=t[0],n[13]=t[1],n[14]=t[2],n[15]=1,n}function wS(n,e,t,r,a){var o=1/Math.tan(e/2),c;return n[0]=o/t,n[1]=0,n[2]=0,n[3]=0,n[4]=0,n[5]=o,n[6]=0,n[7]=0,n[8]=0,n[9]=0,n[11]=-1,n[12]=0,n[13]=0,n[15]=0,a!=null&&a!==1/0?(c=1/(r-a),n[10]=(a+r)*c,n[14]=2*a*r*c):(n[10]=-1,n[14]=-2*r),n}var Xg=wS;function Ai(){var n=new ui(3);return ui!=Float32Array&&(n[0]=0,n[1]=0,n[2]=0),n}function TS(n){var e=n[0],t=n[1],r=n[2];return Math.hypot(e,t,r)}function $i(n,e,t){var r=new ui(3);return r[0]=n,r[1]=e,r[2]=t,r}function Dh(n,e){return n[0]=e[0],n[1]=e[1],n[2]=e[2],n}function AS(n,e,t,r){return n[0]=e,n[1]=t,n[2]=r,n}function bS(n,e,t){return n[0]=e[0]+t[0],n[1]=e[1]+t[1],n[2]=e[2]+t[2],n}function z_(n,e){var t=e[0],r=e[1],a=e[2],o=t*t+r*r+a*a;return o>0&&(o=1/Math.sqrt(o)),n[0]=e[0]*o,n[1]=e[1]*o,n[2]=e[2]*o,n}function RS(n,e){return n[0]*e[0]+n[1]*e[1]+n[2]*e[2]}function Nh(n,e,t){var r=e[0],a=e[1],o=e[2],c=t[0],f=t[1],d=t[2];return n[0]=a*d-o*f,n[1]=o*c-r*d,n[2]=r*f-a*c,n}function Dp(n,e,t,r){var a=e[0],o=e[1],c=e[2];return n[0]=a+r*(t[0]-a),n[1]=o+r*(t[1]-o),n[2]=c+r*(t[2]-c),n}function CS(n,e,t){var r=t[0],a=t[1],o=t[2],c=t[3],f=e[0],d=e[1],h=e[2],m=a*h-o*d,x=o*f-r*h,_=r*d-a*f,S=a*_-o*x,E=o*m-r*_,M=r*x-a*m,g=c*2;return m*=g,x*=g,_*=g,S*=2,E*=2,M*=2,n[0]=f+m+S,n[1]=d+x+E,n[2]=h+_+M,n}var PS=TS;(function(){var n=Ai();return function(e,t,r,a,o,c){var f,d;for(t||(t=3),r||(r=0),a?d=Math.min(a*t+r,e.length):d=e.length,f=r;f<d;f+=t)n[0]=e[f],n[1]=e[f+1],n[2]=e[f+2],o(n,n,c),e[f]=n[0],e[f+1]=n[1],e[f+2]=n[2];return e}})();function LS(){var n=new ui(4);return ui!=Float32Array&&(n[0]=0,n[1]=0,n[2]=0,n[3]=0),n}function IS(n,e,t,r){var a=new ui(4);return a[0]=n,a[1]=e,a[2]=t,a[3]=r,a}function DS(n,e){return n[0]=e[0],n[1]=e[1],n[2]=e[2],n[3]=e[3],n}function NS(n,e,t,r,a){return n[0]=e,n[1]=t,n[2]=r,n[3]=a,n}function US(n,e){var t=e[0],r=e[1],a=e[2],o=e[3],c=t*t+r*r+a*a+o*o;return c>0&&(c=1/Math.sqrt(c)),n[0]=t*c,n[1]=r*c,n[2]=a*c,n[3]=o*c,n}(function(){var n=LS();return function(e,t,r,a,o,c){var f,d;for(t||(t=4),r||(r=0),a?d=Math.min(a*t+r,e.length):d=e.length,f=r;f<d;f+=t)n[0]=e[f],n[1]=e[f+1],n[2]=e[f+2],n[3]=e[f+3],o(n,n,c),e[f]=n[0],e[f+1]=n[1],e[f+2]=n[2],e[f+3]=n[3];return e}})();function Ki(){var n=new ui(4);return ui!=Float32Array&&(n[0]=0,n[1]=0,n[2]=0),n[3]=1,n}function B_(n,e,t){t=t*.5;var r=Math.sin(t);return n[0]=r*e[0],n[1]=r*e[1],n[2]=r*e[2],n[3]=Math.cos(t),n}function FS(n,e,t){var r=e[0],a=e[1],o=e[2],c=e[3],f=t[0],d=t[1],h=t[2],m=t[3];return n[0]=r*m+c*f+a*h-o*d,n[1]=a*m+c*d+o*f-r*h,n[2]=o*m+c*h+r*d-a*f,n[3]=c*m-r*f-a*d-o*h,n}function Hl(n,e,t,r){var a=e[0],o=e[1],c=e[2],f=e[3],d=t[0],h=t[1],m=t[2],x=t[3],_,S,E,M,g;return S=a*d+o*h+c*m+f*x,S<0&&(S=-S,d=-d,h=-h,m=-m,x=-x),1-S>yS?(_=Math.acos(S),E=Math.sin(_),M=Math.sin((1-r)*_)/E,g=Math.sin(r*_)/E):(M=1-r,g=r),n[0]=M*a+g*d,n[1]=M*o+g*h,n[2]=M*c+g*m,n[3]=M*f+g*x,n}function OS(n,e){return n[0]=-e[0],n[1]=-e[1],n[2]=-e[2],n[3]=e[3],n}function kS(n,e){var t=e[0]+e[4]+e[8],r;if(t>0)r=Math.sqrt(t+1),n[3]=.5*r,r=.5/r,n[0]=(e[5]-e[7])*r,n[1]=(e[6]-e[2])*r,n[2]=(e[1]-e[3])*r;else{var a=0;e[4]>e[0]&&(a=1),e[8]>e[a*3+a]&&(a=2);var o=(a+1)%3,c=(a+2)%3;r=Math.sqrt(e[a*3+a]-e[o*3+o]-e[c*3+c]+1),n[a]=.5*r,r=.5/r,n[3]=(e[o*3+c]-e[c*3+o])*r,n[o]=(e[o*3+a]+e[a*3+o])*r,n[c]=(e[c*3+a]+e[a*3+c])*r}return n}var mf=IS,Uh=DS,qg=NS,Uf=US;(function(){var n=Ai(),e=$i(1,0,0),t=$i(0,1,0);return function(r,a,o){var c=RS(a,o);return c<-.999999?(Nh(n,e,a),PS(n)<1e-6&&Nh(n,t,a),z_(n,n),B_(r,n,Math.PI),r):c>.999999?(r[0]=0,r[1]=0,r[2]=0,r[3]=1,r):(Nh(n,a,o),r[0]=n[0],r[1]=n[1],r[2]=n[2],r[3]=1+c,Uf(r,r))}})();(function(){var n=Ki(),e=Ki();return function(t,r,a,o,c,f){return Hl(n,r,c,f),Hl(e,a,o,f),Hl(t,n,e,2*f*(1-f)),t}})();(function(){var n=SS();return function(e,t,r,a){return n[0]=r[0],n[3]=r[1],n[6]=r[2],n[1]=a[0],n[4]=a[1],n[7]=a[2],n[2]=-t[0],n[5]=-t[1],n[8]=-t[2],Uf(e,kS(e,n))}})();const xn=Symbol("@immersive-web-emulation-runtime/xr-space");class Wn extends EventTarget{constructor(e,t){super(),this[xn]={parentSpace:e,offsetMatrix:t?MS(t):oi(),emulated:!0}}}class zS extends Wn{constructor(){super(void 0,oi())}}class gf{static updateOffsetPosition(e,t){const r=e[xn].offsetMatrix;Yl(r,t)}static updateOffsetQuaternion(e,t){const r=e[xn].offsetMatrix,a=Ai();$l(a,r),rc(r,t,a)}static updateOffsetMatrix(e,t){const r=e[xn].offsetMatrix;F_(r,t)}static calculateGlobalOffsetMatrix(e,t=oi()){const r=e[xn].parentSpace?gf.calculateGlobalOffsetMatrix(e[xn].parentSpace):oi();return k_(t,r,e[xn].offsetMatrix),t}}let pa=class V_{constructor(e=0,t=0,r=0){this.vec3=$i(e,t,r),this.tempVec3=Ai()}get x(){return this.vec3[0]}set x(e){this.vec3[0]=e}get y(){return this.vec3[1]}set y(e){this.vec3[1]=e}get z(){return this.vec3[2]}set z(e){this.vec3[2]=e}set(e,t,r){return AS(this.vec3,e,t,r),this}clone(){return new V_(this.x,this.y,this.z)}copy(e){return this.x=e.x,this.y=e.y,this.z=e.z,this}round(){return this.x=Math.round(this.x),this.y=Math.round(this.y),this.z=Math.round(this.z),this}normalize(){return Dh(this.tempVec3,this.vec3),z_(this.vec3,this.tempVec3),this}add(e){return Dh(this.tempVec3,this.vec3),bS(this.vec3,this.tempVec3,e.vec3),this}applyQuaternion(e){return Dh(this.tempVec3,this.vec3),CS(this.vec3,this.tempVec3,e.quat),this}},Gl=class H_{constructor(e=0,t=0,r=0,a=1){this.quat=mf(e,t,r,a),this.tempQuat=Ki()}get x(){return this.quat[0]}set x(e){this.quat[0]=e}get y(){return this.quat[1]}set y(e){this.quat[1]=e}get z(){return this.quat[2]}set z(e){this.quat[2]=e}get w(){return this.quat[3]}set w(e){this.quat[3]=e}set(e,t,r,a){return qg(this.quat,e,t,r,a),this}clone(){return new H_(this.x,this.y,this.z,this.w)}copy(e){return qg(this.quat,e.x,e.y,e.z,e.w),this}normalize(){return Uh(this.tempQuat,this.quat),Uf(this.quat,this.tempQuat),this}invert(){return Uh(this.tempQuat,this.quat),OS(this.quat,this.tempQuat),this}multiply(e){return Uh(this.tempQuat,this.quat),FS(this.quat,this.tempQuat,e.quat),this}setFromAxisAngle(e,t){return B_(this.quat,e.vec3,t),this}};const Ze=Symbol("@immersive-web-emulation-runtime/gamepad");var Zl;(function(n){n.None="",n.Standard="standard",n.XRStandard="xr-standard"})(Zl||(Zl={}));class G_{constructor(e,t){this[Ze]={type:e,eventTrigger:t,pressed:!1,touched:!1,value:0,lastFrameValue:0,pendingValue:null}}get pressed(){return this[Ze].type==="manual"?this[Ze].pressed:this[Ze].value>0}get touched(){return this[Ze].type==="manual"?this[Ze].touched:this[Ze].touched||this.pressed}get value(){return this[Ze].value}}class BS{constructor(){this.pressed=!1,this.touched=!1,this.value=0}}class V0{constructor(e,t="",r=-1){this[Ze]={id:t,index:r,connected:!1,timestamp:performance.now(),mapping:e.mapping,buttonsMap:{},buttonsSequence:[],axesMap:{},axesSequence:[],hapticActuators:[]},e.buttons.forEach(a=>{var o;a===null?this[Ze].buttonsSequence.push(null):(this[Ze].buttonsSequence.push(a.id),this[Ze].buttonsMap[a.id]=new G_(a.type,(o=a.eventTrigger)!==null&&o!==void 0?o:null))}),e.axes.forEach(a=>{a===null?this[Ze].axesSequence.push(null):(this[Ze].axesSequence.push(a.id+a.type),this[Ze].axesMap[a.id]||(this[Ze].axesMap[a.id]={x:0,y:0}))})}get id(){return this[Ze].id}get index(){return this[Ze].index}get connected(){return this[Ze].connected}get timestamp(){return this[Ze].timestamp}get mapping(){return this[Ze].mapping}get axes(){const e=[];return this[Ze].axesSequence.forEach(t=>{if(t===null)e.push(null);else{const r=t.substring(0,t.length-6),a=t.substring(t.length-6);e.push(a==="y-axis"?this[Ze].axesMap[r].y:this[Ze].axesMap[r].x)}}),e}get buttons(){return this[Ze].buttonsSequence.map(e=>e===null?new BS:this[Ze].buttonsMap[e])}get hapticActuators(){return this[Ze].hapticActuators}get vibrationActuator(){return null}}var Ei;(function(n){n.None="none",n.Left="left",n.Right="right"})(Ei||(Ei={}));var vf;(function(n){n.Gaze="gaze",n.TrackedPointer="tracked-pointer",n.Screen="screen",n.TransientPointer="transient-pointer"})(vf||(vf={}));class VS extends Array{}const ds=Symbol("@immersive-web-emulation-runtime/xr-input-source");class Ff{constructor(e,t,r,a,o,c,f){this[ds]={handedness:e,targetRayMode:t,targetRaySpace:a,gripSpace:c,profiles:r,gamepad:o,hand:f}}get handedness(){return this[ds].handedness}get targetRayMode(){return this[ds].targetRayMode}get targetRaySpace(){return this[ds].targetRaySpace}get gripSpace(){return this[ds].gripSpace}get profiles(){return this[ds].profiles}get gamepad(){return this[ds].gamepad}get hand(){return this[ds].hand}}class Qu extends Event{constructor(e,t){if(super(e,t),!t.frame)throw new Error("XRInputSourceEventInit.frame is required");if(!t.inputSource)throw new Error("XRInputSourceEventInit.inputSource is required");this.frame=t.frame,this.inputSource=t.inputSource}}const an=Symbol("@immersive-web-emulation-runtime/xr-tracked-input"),Yg={[Ei.Left]:{position:new pa(-.25,1.5,-.4),quaternion:new Gl},[Ei.Right]:{position:new pa(.25,1.5,-.4),quaternion:new Gl},[Ei.None]:{position:new pa(.25,1.5,-.4),quaternion:new Gl}};class W_{constructor(e){this[an]={inputSource:e,position:Yg[e.handedness].position.clone(),quaternion:Yg[e.handedness].quaternion.clone(),connected:!0,lastFrameConnected:!1,inputSourceChanged:!0}}get position(){return this[an].position}get quaternion(){return this[an].quaternion}get inputSource(){return this[an].inputSource}get connected(){return this[an].connected}set connected(e){this[an].connected=e,this[an].inputSource.gamepad[Ze].connected=e}onFrameStart(e){const t=this[an].inputSource.targetRaySpace;rc(t[xn].offsetMatrix,this[an].quaternion.quat,this[an].position.vec3);const r=e.session;this[an].inputSource.gamepad.buttons.forEach(a=>{a instanceof G_&&(a[Ze].lastFrameValue=a[Ze].value,a[Ze].pendingValue!=null&&(a[Ze].value=a[Ze].pendingValue,a[Ze].pendingValue=null),a[Ze].eventTrigger!=null&&(a[Ze].lastFrameValue===0&&a[Ze].value>0?(r.dispatchEvent(new Qu(a[Ze].eventTrigger,{frame:e,inputSource:this[an].inputSource})),r.dispatchEvent(new Qu(a[Ze].eventTrigger+"start",{frame:e,inputSource:this[an].inputSource}))):a[Ze].lastFrameValue>0&&a[Ze].value===0&&r.dispatchEvent(new Qu(a[Ze].eventTrigger+"end",{frame:e,inputSource:this[an].inputSource}))))}),this[an].inputSourceChanged=this.connected!==this[an].lastFrameConnected,this[an].lastFrameConnected=this.connected}}const $g=Symbol("@immersive-web-emulation-runtime/xr-controller");class HS extends W_{constructor(e,t,r){if(!e.layout[t])throw new DOMException("Handedness not supported","InvalidStateError");const a=new Wn(r),o=e.layout[t].gripOffsetMatrix?new Wn(a,e.layout[t].gripOffsetMatrix):void 0,c=[e.profileId,...e.fallbackProfileIds],f=new Ff(t,vf.TrackedPointer,c,a,new V0(e.layout[t].gamepad),o);super(f),this[$g]={gamepadConfig:e.layout[t].gamepad}}get gamepadConfig(){return this[$g].gamepadConfig}updateButtonValue(e,t){if(t>1||t<0){console.warn(`Out-of-range value ${t} provided for button ${e}.`);return}const r=this[an].inputSource.gamepad[Ze].buttonsMap[e];if(r){if(r[Ze].type==="binary"&&t!=1&&t!=0){console.warn(`Non-binary value ${t} provided for binary button ${e}.`);return}r[Ze].pendingValue=t}else console.warn(`Current controller does not have button ${e}.`)}updateButtonTouch(e,t){const r=this[an].inputSource.gamepad[Ze].buttonsMap[e];r?r[Ze].touched=t:console.warn(`Current controller does not have button ${e}.`)}updateAxis(e,t,r){if(r>1||r<-1){console.warn(`Out-of-range value ${r} provided for ${e} axes.`);return}const a=this[an].inputSource.gamepad[Ze].axesMap[e];a?t==="x-axis"?a.x=r:t==="y-axis"&&(a.y=r):console.warn(`Current controller does not have ${e} axes.`)}updateAxes(e,t,r){if(t>1||t<-1||r>1||r<-1){console.warn(`Out-of-range value x:${t}, y:${r} provided for ${e} axes.`);return}const a=this[an].inputSource.gamepad[Ze].axesMap[e];a?(a.x=t,a.y=r):console.warn(`Current controller does not have ${e} axes.`)}}const ia=Symbol("@immersive-web-emulation-runtime/xr-view");var Yt;(function(n){n.None="none",n.Left="left",n.Right="right"})(Yt||(Yt={}));class j_{constructor(e,t,r,a){this[ia]={eye:e,projectionMatrix:t,transform:r,recommendedViewportScale:null,requestedViewportScale:1,session:a}}get eye(){return this[ia].eye}get projectionMatrix(){return this[ia].projectionMatrix}get transform(){return this[ia].transform}get recommendedViewportScale(){return this[ia].recommendedViewportScale}requestViewportScale(e){if(e===null||e<=0||e>1){console.warn("Invalid scale value. Scale must be > 0 and <= 1.");return}this[ia].requestedViewportScale=e}}const ma=Symbol("@immersive-web-emulation-runtime/xr-joint-space");class H0 extends Wn{constructor(e,t,r){super(t,r),this[ma]={jointName:e,radius:0}}get jointName(){return this[ma].jointName}}const Ml=Symbol("@immersive-web-emulation-runtime/xr-pose");class Of{constructor(e,t=!1,r=void 0,a=void 0){this[Ml]={transform:e,emulatedPosition:t,linearVelocity:r,angularVelocity:a}}get transform(){return this[Ml].transform}get emulatedPosition(){return this[Ml].emulatedPosition}get linearVelocity(){return this[Ml].linearVelocity}get angularVelocity(){return this[Ml].angularVelocity}}const Zg=Symbol("@immersive-web-emulation-runtime/xr-joint-pose");class X_ extends Of{constructor(e,t,r=!1,a=void 0,o=void 0){super(e,r,a,o),this[Zg]={radius:t}}get radius(){return this[Zg].radius}}class _f{constructor(e=0,t=0,r=0,a=1){this.x=e,this.y=t,this.z=r,this.w=a,Object.freeze(this)}static fromPoint(e){return new _f(e.x,e.y,e.z,e.w)}matrixTransform(e){return new _f}toJSON(){return{x:this.x,y:this.y,z:this.z,w:this.w}}}const xu=typeof globalThis.DOMPointReadOnly<"u"?globalThis.DOMPointReadOnly:_f,xi=Symbol("@immersive-web-emulation-runtime/xr-rigid-transform");class kf{constructor(e,t){const r=$i(0,0,0),a=Ki();this[xi]={matrix:oi(),position:e?$i(e.x,e.y,e.z):r,orientation:t?Uf(Ki(),mf(t.x,t.y,t.z,t.w)):a,inverse:null},this.updateMatrix()}updateMatrix(){rc(this[xi].matrix,this[xi].orientation,this[xi].position)}get matrix(){return this[xi].matrix}get position(){const e=this[xi].position;return new xu(e[0],e[1],e[2],1)}get orientation(){const e=this[xi].orientation;return new xu(e[0],e[1],e[2],e[3])}get inverse(){if(!this[xi].inverse){const e=oi();if(!O_(e,this[xi].matrix))throw new Error("Matrix is not invertible.");let t=Ai();$l(t,e);let r=Ki();pf(r,e),this[xi].inverse=new kf(new xu(t[0],t[1],t[2],1),new xu(r[0],r[1],r[2],r[3])),this[xi].inverse[xi].inverse=this}return this[xi].inverse}}const Kg=Symbol("@immersive-web-emulation-runtime/xr-viewer-pose");class q_ extends Of{constructor(e,t,r=!1,a=void 0,o=void 0){super(e,r,a,o),this[Kg]={views:Object.freeze(t)}}get views(){return this[Kg].views}}const ri=Symbol("@immersive-web-emulation-runtime/xr-frame"),Qg=oi(),Jg=oi(),ev=oi(),tv=(n,e,t)=>{gf.calculateGlobalOffsetMatrix(e,Qg),gf.calculateGlobalOffsetMatrix(t,Jg),O_(ev,Jg),k_(n,ev,Qg)};class Y_{constructor(e,t,r,a,o){this[ri]={session:e,id:t,active:r,animationFrame:a,predictedDisplayTime:o,tempMat4:oi()}}get session(){return this[ri].session}get predictedDisplayTime(){return this[ri].predictedDisplayTime}getPose(e,t){if(!this[ri].active)throw new DOMException("XRFrame access outside the callback that produced it is invalid.","InvalidStateError");tv(this[ri].tempMat4,e,t);const r=Ai();$l(r,this[ri].tempMat4);const a=Ki();return pf(a,this[ri].tempMat4),new Of(new kf({x:r[0],y:r[1],z:r[2],w:1},{x:a[0],y:a[1],z:a[2],w:a[3]}),e[xn].emulated)}getViewerPose(e){if(!this[ri].animationFrame)throw new DOMException("getViewerPose can only be called on XRFrame objects passed to XRSession.requestAnimationFrame callbacks.","InvalidStateError");const t=this[ri].session,r=t[fe].device,a=this.getPose(r.viewerSpace,e),o=t[fe].mode===Ot.Inline?[Yt.None]:[Yt.Left,Yt.Right],c=[];return o.forEach(f=>{const d=r.viewSpaces[f],h=this.getPose(d,e),m=t[fe].getProjectionMatrix(f),x=new j_(f,new Float32Array(m),h.transform,t);c.push(x)}),new q_(a.transform,c,!1)}getJointPose(e,t){const r=this.getPose(e,t),a=e[ma].radius;return new X_(r.transform,a,!1)}fillJointRadii(e,t){if(e=Array.from(e),!this[ri].active)throw new DOMException("XRFrame access outside the callback that produced it is invalid.","InvalidStateError");if(e.length>t.length)throw new DOMException("The length of jointSpaces is larger than the number of elements in radii","TypeError");let r=!0;for(let a=0;a<e.length;a++)e[a][ma].radius?t[a]=e[a][ma].radius:(t[a]=NaN,r=!1);return r}fillPoses(e,t,r){if(e=Array.from(e),!this[ri].active)throw new DOMException("XRFrame access outside the callback that produced it is invalid.","InvalidStateError");if(e.length*16>r.length)throw new DOMException("The length of spaces multiplied by 16 is larger than the number of elements in transforms","TypeError");return e.forEach((a,o)=>{tv(this[ri].tempMat4,a,t);for(let c=0;c<16;c++)r[o*16+c]=this[ri].tempMat4[c]}),!0}}class $_ extends Event{constructor(e,t){if(super(e,t),!t.session)throw new Error("XRInputSourcesChangeEventInit.session is required");if(!t.added)throw new Error("XRInputSourcesChangeEventInit.added is required");if(!t.removed)throw new Error("XRInputSourcesChangeEventInit.removed is required");this.session=t.session,this.added=t.added,this.removed=t.removed}}var Z_;const Ts=Symbol("@immersive-web-emulation-runtime/xr-reference-space");var Rn;(function(n){n.Viewer="viewer",n.Local="local",n.LocalFloor="local-floor",n.BoundedFloor="bounded-floor",n.Unbounded="unbounded"})(Rn||(Rn={}));class Sa extends Wn{constructor(e,t,r){super(t,r),this[Z_]={type:null,onreset:()=>{}},this[Ts].type=e}get onreset(){var e;return(e=this[Ts].onreset)!==null&&e!==void 0?e:(()=>{})}set onreset(e){this[Ts].onreset&&this.removeEventListener("reset",this[Ts].onreset),this[Ts].onreset=e,e&&this.addEventListener("reset",e)}getOffsetReferenceSpace(e){return new Sa(this[Ts].type,this,e)}}Z_=Ts;const El=Symbol("@immersive-web-emulation-runtime/xr-render-state");class Np{constructor(e={},t){this[El]={depthNear:e.depthNear||t?.depthNear||.1,depthFar:e.depthFar||t?.depthFar||1e3,inlineVerticalFieldOfView:e.inlineVerticalFieldOfView||t?.inlineVerticalFieldOfView||null,baseLayer:e.baseLayer||t?.baseLayer||null}}get depthNear(){return this[El].depthNear}get depthFar(){return this[El].depthFar}get inlineVerticalFieldOfView(){return this[El].inlineVerticalFieldOfView}get baseLayer(){return this[El].baseLayer}}class xf extends Event{constructor(e,t){if(super(e,t),!t.session)throw new Error("XRSessionEventInit.session is required");this.session=t.session}}class K_ extends EventTarget{}const Ms=Symbol("@immersive-web-emulation-runtime/XRWebGLLayer"),GS={antialias:!0,depth:!0,stencil:!1,alpha:!0,ignoreDepthValues:!1,framebufferScaleFactor:1};let WS=class extends K_{constructor(e,t,r={}){if(super(),e[fe].ended)throw new DOMException("Session has ended","InvalidStateError");const a={...GS,...r};this[Ms]={session:e,context:t,antialias:a.antialias}}get context(){return this[Ms].context}get antialias(){return this[Ms].antialias}get ignoreDepthValues(){return!0}get framebuffer(){return null}get framebufferWidth(){return this[Ms].context.drawingBufferWidth}get framebufferHeight(){return this[Ms].context.drawingBufferHeight}getViewport(e){if(e[ia].session!==this[Ms].session)throw new DOMException("View's session differs from Layer's session","InvalidStateError");return this[Ms].session[fe].device[Pe].getViewport(this,e)}static getNativeFramebufferScaleFactor(e){if(!(e instanceof G0))throw new TypeError("getNativeFramebufferScaleFactor must be passed a session.");return e[fe].ended?0:1}};var po;(function(n){n.Visible="visible",n.VisibleBlurred="visible-blurred",n.Hidden="hidden"})(po||(po={}));var Ot;(function(n){n.Inline="inline",n.ImmersiveVR="immersive-vr",n.ImmersiveAR="immersive-ar"})(Ot||(Ot={}));var Ji;(function(n){n.Opaque="opaque",n.AlphaBlend="alpha-blend",n.Additive="additive"})(Ji||(Ji={}));var To;(function(n){n.ScreenSpace="screen-space",n.WorldSpace="world-space"})(To||(To={}));const fe=Symbol("@immersive-web-emulation-runtime/xr-session");class G0 extends EventTarget{constructor(e,t,r){super(),this[fe]={device:e,mode:t,renderState:new Np,pendingRenderState:null,enabledFeatures:r,isSystemKeyboardSupported:!1,ended:!1,projectionMatrices:{[Yt.Left]:oi(),[Yt.Right]:oi(),[Yt.None]:oi()},getProjectionMatrix:a=>this[fe].projectionMatrices[a],referenceSpaceIsSupported:a=>{if(!this[fe].enabledFeatures.includes(a))return!1;switch(a){case Rn.Viewer:return!0;case Rn.Local:case Rn.LocalFloor:case Rn.BoundedFloor:case Rn.Unbounded:return this[fe].mode!=Ot.Inline}},frameHandle:0,frameCallbacks:[],currentFrameCallbacks:null,onDeviceFrame:()=>{if(this[fe].ended)return;this[fe].deviceFrameHandle=globalThis.requestAnimationFrame(this[fe].onDeviceFrame),this[fe].pendingRenderState!=null&&(this[fe].renderState=this[fe].pendingRenderState,this[fe].pendingRenderState=null,this[fe].device[Pe].onBaseLayerSet(this[fe].renderState.baseLayer));const a=this[fe].renderState.baseLayer;if(a===null)return;const o=a.context,c=o.canvas;if(this[fe].mode!=Ot.Inline){const E=o.getParameter(o.COLOR_CLEAR_VALUE),M=o.getParameter(o.DEPTH_CLEAR_VALUE),g=o.getParameter(o.STENCIL_CLEAR_VALUE);o.clearColor(0,0,0,0),o.clearDepth(1),o.clearStencil(0),o.clear(o.DEPTH_BUFFER_BIT|o.COLOR_BUFFER_BIT|o.STENCIL_BUFFER_BIT),o.clearColor(E[0],E[1],E[2],E[3]),o.clearDepth(M),o.clearStencil(g)}const{depthNear:f,depthFar:d}=this[fe].renderState,{width:h,height:m}=c;if(this[fe].mode!==Ot.Inline){const E=h*(this[fe].device.stereoEnabled?.5:1)/m;Xg(this[fe].projectionMatrices[Yt.Left],this[fe].device.fovy,E,f,d),F_(this[fe].projectionMatrices[Yt.Right],this[fe].projectionMatrices[Yt.Left])}else{const E=h/m;Xg(this[fe].projectionMatrices[Yt.None],this[fe].renderState.inlineVerticalFieldOfView,E,f,d)}const x=new Y_(this,this[fe].frameHandle,!0,!0,performance.now());this[fe].device[Pe].onFrameStart(x),this[fe].updateActiveInputSources();const _=this[fe].currentFrameCallbacks=this[fe].frameCallbacks;this[fe].frameCallbacks=[];const S=performance.now();for(let E=0;E<_.length;E++)try{_[E].cancelled||_[E].callback(S,x)}catch(M){console.error(M)}this[fe].currentFrameCallbacks=null,x[ri].active=!1},nominalFrameRate:e.internalNominalFrameRate,referenceSpaces:[],inputSourceArray:[],activeInputSources:[],updateActiveInputSources:()=>{const a=this[fe].enabledFeatures.includes(ut.HandTracking),o=this[fe].activeInputSources,c=this[fe].device.inputSources.filter(h=>!h.hand||a),f=c.filter(h=>!o.includes(h)),d=o.filter(h=>!c.includes(h));this[fe].activeInputSources=c,(f.length>0||d.length>0)&&this.dispatchEvent(new $_("inputsourceschange",{session:this,added:f,removed:d}))},onend:null,oninputsourceschange:null,onselect:null,onselectstart:null,onselectend:null,onsqueeze:null,onsqueezestart:null,onsqueezeend:null,onvisibilitychange:null,onframeratechange:null},this[fe].onDeviceFrame()}get visibilityState(){return this[fe].device.visibilityState}get frameRate(){return this[fe].nominalFrameRate}get supportedFrameRates(){return new Float32Array(this[fe].device.supportedFrameRates)}get renderState(){return this[fe].renderState}get inputSources(){return this[fe].inputSourceArray.length=0,!this[fe].ended&&this[fe].mode!==Ot.Inline&&this[fe].inputSourceArray.push(...this[fe].activeInputSources),this[fe].inputSourceArray}get enabledFeatures(){return this[fe].enabledFeatures}get isSystemKeyboardSupported(){return this[fe].isSystemKeyboardSupported}get environmentBlendMode(){var e;return(e=this[fe].device[Pe].environmentBlendModes[this[fe].mode])!==null&&e!==void 0?e:Ji.Opaque}get interactionMode(){return this[fe].device[Pe].interactionMode}updateRenderState(e={}){var t,r,a,o;if(this[fe].ended)throw new DOMException("XRSession has already ended.","InvalidStateError");if(e.baseLayer&&e.baseLayer[Ms].session!==this)throw new DOMException("Base layer was created by a different XRSession","InvalidStateError");if(e.inlineVerticalFieldOfView!=null&&this[fe].mode!==Ot.Inline)throw new DOMException("InlineVerticalFieldOfView must not be set for an immersive session","InvalidStateError");const c={baseLayer:e.baseLayer||((t=this[fe].pendingRenderState)===null||t===void 0?void 0:t.baseLayer)||void 0,depthFar:e.depthFar||((r=this[fe].pendingRenderState)===null||r===void 0?void 0:r.depthFar)||void 0,depthNear:e.depthNear||((a=this[fe].pendingRenderState)===null||a===void 0?void 0:a.depthNear)||void 0,inlineVerticalFieldOfView:e.inlineVerticalFieldOfView||((o=this[fe].pendingRenderState)===null||o===void 0?void 0:o.inlineVerticalFieldOfView)||void 0};this[fe].pendingRenderState=new Np(c,this[fe].renderState)}async updateTargetFrameRate(e){return new Promise((t,r)=>{this[fe].ended?r(new DOMException("XRSession has already ended.","InvalidStateError")):this[fe].device.supportedFrameRates.includes(e)?(this[fe].nominalFrameRate===e?console.log("Requested frame rate is the same as the current nominal frame rate, no update made"):(this[fe].nominalFrameRate=e,this.dispatchEvent(new xf("frameratechange",{session:this})),console.log(`Nominal frame rate updated to ${e}`)),t()):r(new DOMException("Requested frame rate not supported.","InvalidStateError"))})}async requestReferenceSpace(e){return new Promise((t,r)=>{if(this[fe].ended||!this[fe].referenceSpaceIsSupported(e)){r(new DOMException("The requested reference space type is not supported.","NotSupportedError"));return}let a;switch(e){case Rn.Viewer:a=this[fe].device.viewerSpace;break;case Rn.Local:a=new Sa(e,this[fe].device[Pe].globalSpace,this[fe].device.viewerSpace[xn].offsetMatrix);break;case Rn.LocalFloor:case Rn.BoundedFloor:case Rn.Unbounded:a=new Sa(e,this[fe].device[Pe].globalSpace);break}this[fe].referenceSpaces.push(a),t(a)})}requestAnimationFrame(e){if(this[fe].ended)return 0;const t=++this[fe].frameHandle;return this[fe].frameCallbacks.push({handle:t,callback:e,cancelled:!1}),t}cancelAnimationFrame(e){let t=this[fe].frameCallbacks,r=t.findIndex(a=>a&&a.handle===e);r>-1&&(t[r].cancelled=!0,t.splice(r,1)),t=this[fe].currentFrameCallbacks,t&&(r=t.findIndex(a=>a&&a.handle===e),r>-1&&(t[r].cancelled=!0))}async end(){return new Promise((e,t)=>{this[fe].ended||this[fe].deviceFrameHandle===null?t(new DOMException("XRSession has already ended.","InvalidStateError")):(globalThis.cancelAnimationFrame(this[fe].deviceFrameHandle),this[fe].device[Pe].onSessionEnd(),this.dispatchEvent(new xf("end",{session:this})),e())})}get onend(){var e;return(e=this[fe].onend)!==null&&e!==void 0?e:(()=>{})}set onend(e){this[fe].onend&&this.removeEventListener("end",this[fe].onend),this[fe].onend=e,e&&this.addEventListener("end",e)}get oninputsourceschange(){var e;return(e=this[fe].oninputsourceschange)!==null&&e!==void 0?e:(()=>{})}set oninputsourceschange(e){this[fe].oninputsourceschange&&this.removeEventListener("inputsourceschange",this[fe].oninputsourceschange),this[fe].oninputsourceschange=e,e&&this.addEventListener("inputsourceschange",e)}get onselect(){var e;return(e=this[fe].onselect)!==null&&e!==void 0?e:(()=>{})}set onselect(e){this[fe].onselect&&this.removeEventListener("select",this[fe].onselect),this[fe].onselect=e,e&&this.addEventListener("select",e)}get onselectstart(){var e;return(e=this[fe].onselectstart)!==null&&e!==void 0?e:(()=>{})}set onselectstart(e){this[fe].onselectstart&&this.removeEventListener("selectstart",this[fe].onselectstart),this[fe].onselectstart=e,e&&this.addEventListener("selectstart",e)}get onselectend(){var e;return(e=this[fe].onselectend)!==null&&e!==void 0?e:(()=>{})}set onselectend(e){this[fe].onselectend&&this.removeEventListener("selectend",this[fe].onselectend),this[fe].onselectend=e,e&&this.addEventListener("selectend",e)}get onsqueeze(){var e;return(e=this[fe].onsqueeze)!==null&&e!==void 0?e:(()=>{})}set onsqueeze(e){this[fe].onsqueeze&&this.removeEventListener("squeeze",this[fe].onsqueeze),this[fe].onsqueeze=e,e&&this.addEventListener("squeeze",e)}get onsqueezestart(){var e;return(e=this[fe].onsqueezestart)!==null&&e!==void 0?e:(()=>{})}set onsqueezestart(e){this[fe].onsqueezestart&&this.removeEventListener("squeezestart",this[fe].onsqueezestart),this[fe].onsqueezestart=e,e&&this.addEventListener("squeezestart",e)}get onsqueezeend(){var e;return(e=this[fe].onsqueezeend)!==null&&e!==void 0?e:(()=>{})}set onsqueezeend(e){this[fe].onsqueezeend&&this.removeEventListener("squeezeend",this[fe].onsqueezeend),this[fe].onsqueezeend=e,e&&this.addEventListener("squeezeend",e)}get onvisibilitychange(){var e;return(e=this[fe].onvisibilitychange)!==null&&e!==void 0?e:(()=>{})}set onvisibilitychange(e){this[fe].onvisibilitychange&&this.removeEventListener("visibilitychange",this[fe].onvisibilitychange),this[fe].onvisibilitychange=e,e&&this.addEventListener("visibilitychange",e)}get onframeratechange(){var e;return(e=this[fe].onframeratechange)!==null&&e!==void 0?e:(()=>{})}set onframeratechange(e){this[fe].onframeratechange&&this.removeEventListener("frameratechange",this[fe].onframeratechange),this[fe].onframeratechange=e,e&&this.addEventListener("frameratechange",e)}}var Kl;(function(n){n.Wrist="wrist",n.ThumbMetacarpal="thumb-metacarpal",n.ThumbPhalanxProximal="thumb-phalanx-proximal",n.ThumbPhalanxDistal="thumb-phalanx-distal",n.ThumbTip="thumb-tip",n.IndexFingerMetacarpal="index-finger-metacarpal",n.IndexFingerPhalanxProximal="index-finger-phalanx-proximal",n.IndexFingerPhalanxIntermediate="index-finger-phalanx-intermediate",n.IndexFingerPhalanxDistal="index-finger-phalanx-distal",n.IndexFingerTip="index-finger-tip",n.MiddleFingerMetacarpal="middle-finger-metacarpal",n.MiddleFingerPhalanxProximal="middle-finger-phalanx-proximal",n.MiddleFingerPhalanxIntermediate="middle-finger-phalanx-intermediate",n.MiddleFingerPhalanxDistal="middle-finger-phalanx-distal",n.MiddleFingerTip="middle-finger-tip",n.RingFingerMetacarpal="ring-finger-metacarpal",n.RingFingerPhalanxProximal="ring-finger-phalanx-proximal",n.RingFingerPhalanxIntermediate="ring-finger-phalanx-intermediate",n.RingFingerPhalanxDistal="ring-finger-phalanx-distal",n.RingFingerTip="ring-finger-tip",n.PinkyFingerMetacarpal="pinky-finger-metacarpal",n.PinkyFingerPhalanxProximal="pinky-finger-phalanx-proximal",n.PinkyFingerPhalanxIntermediate="pinky-finger-phalanx-intermediate",n.PinkyFingerPhalanxDistal="pinky-finger-phalanx-distal",n.PinkyFingerTip="pinky-finger-tip"})(Kl||(Kl={}));class W0 extends Map{}const jS={jointTransforms:{wrist:{offsetMatrix:[.9060805439949036,-.1844543218612671,.3807799518108368,0,-.08027800172567368,.8086723685264587,.5827555656433105,0,-.4154181182384491,-.5585917234420776,.7179155349731445,0,-.06867414712905884,-.009423808194696903,.10627774149179459,1],radius:.021460847929120064},"thumb-metacarpal":{offsetMatrix:[-.5012241005897522,-.8650535345077515,-.0213695727288723,0,.7415963411331177,-.4421543478965759,.5045139193534851,0,-.44587990641593933,.23702676594257355,.8631392121315002,0,-.032122574746608734,-.01196830440312624,.07194234430789948,1],radius:.019382517784833908},"thumb-phalanx-proximal":{offsetMatrix:[-.3175753057003021,-.9460570216178894,-.06419729441404343,0,.8958902955055237,-.32153913378715515,.30658137798309326,0,-.3106854259967804,.03984907269477844,.9496771097183228,0,-.017625702545046806,-.01967475935816765,.04387917369604111,1],radius:.01228295173496008},"thumb-phalanx-distal":{offsetMatrix:[-.4944636821746826,-.8691971898078918,.001086252392269671,0,.8307800889015198,-.4722411036491394,.2946045398712158,0,-.25555649399757385,.14657381176948547,.9556186199188232,0,-.007126678712666035,-.021021386608481407,.011786630377173424,1],radius:.009768804535269737},"thumb-tip":{offsetMatrix:[-.4944636821746826,-.8691971898078918,.001086252392269671,0,.8307800889015198,-.4722411036491394,.2946045398712158,0,-.25555649399757385,.14657381176948547,.9556186199188232,0,.0003423091256991029,-.024528030306100845,-.011410919018089771,1],radius:.008768804371356964},"index-finger-metacarpal":{offsetMatrix:[.9060805439949036,-.1844543218612671,.3807799518108368,0,-.08027800172567368,.8086723685264587,.5827555656433105,0,-.4154181182384491,-.5585917234420776,.7179155349731445,0,-.038037415593862534,-.0020236473064869642,.07626739144325256,1],radius:.021228281781077385},"index-finger-phalanx-proximal":{offsetMatrix:[.7986818552017212,-.35985732078552246,.48229536414146423,0,.538311243057251,.7854709625244141,-.30537736415863037,0,-.2689369022846222,.5035246014595032,.8210577368736267,0,-.006869405973702669,.033938243985176086,.04206443578004837,1],radius:.010295259766280651},"index-finger-phalanx-intermediate":{offsetMatrix:[.8285930156707764,-.32672837376594543,.4546217918395996,0,.5577570199966431,.4116027057170868,-.7207564115524292,0,.04836784675717354,.8507823944091797,.5232869386672974,0,.0033306588884443045,.014840902760624886,.010923954658210278,1],radius:.00853810179978609},"index-finger-phalanx-distal":{offsetMatrix:[.8412464261054993,-.35794928669929504,.4051857888698578,0,.5139996409416199,.29711154103279114,-.8046918511390686,0,.16765329241752625,.8852096796035767,.4339304566383362,0,.0021551470272243023,-.0058362227864563465,-.0017938464879989624,1],radius:.007636196445673704},"index-finger-tip":{offsetMatrix:[.8412464261054993,-.35794928669929504,.4051857888698578,0,.5139996409416199,.29711154103279114,-.8046918511390686,0,.16765329241752625,.8852096796035767,.4339304566383362,0,-.00131594471167773,-.025222131982445717,-.012442642822861671,1],radius:.006636196281760931},"middle-finger-metacarpal":{offsetMatrix:[.9060805439949036,-.1844543218612671,.3807799518108368,0,-.08027800172567368,.8086723685264587,.5827555656433105,0,-.4154181182384491,-.5585917234420776,.7179155349731445,0,-.05395089089870453,.003063359996303916,.07402937114238739,1],radius:.021231964230537415},"middle-finger-phalanx-proximal":{offsetMatrix:[.9187911748886108,-.1530158370733261,.36387869715690613,0,.038666240870952606,.9522662162780762,.302808940410614,0,-.3928440511226654,-.26414817571640015,.8808513283729553,0,-.02717282809317112,.04162866622209549,.03678669035434723,1],radius:.01117393933236599},"middle-finger-phalanx-intermediate":{offsetMatrix:[.9228746294975281,-.12856416404247284,.36300456523895264,0,.14524033665657043,.9892153143882751,-.01890045404434204,0,-.3566599190235138,.07016586512327194,.9315956234931946,0,-.01030921470373869,.05296773463487625,-.0010256498353555799,1],radius:.008030958473682404},"middle-finger-phalanx-distal":{offsetMatrix:[.9325166344642639,-.040404170751571655,.35885775089263916,0,.06836572289466858,.995502769947052,-.0655682161450386,0,-.3545948565006256,.08567725121974945,.9310863614082336,0,-.0004833847051486373,.05103470757603645,-.026690717786550522,1],radius:.007629410829395056},"middle-finger-tip":{offsetMatrix:[.9325166344642639,-.040404170751571655,.35885775089263916,0,.06836572289466858,.995502769947052,-.0655682161450386,0,-.3545948565006256,.08567725121974945,.9310863614082336,0,.008158999495208263,.05004044249653816,-.050120558589696884,1],radius:.006629410665482283},"ring-finger-metacarpal":{offsetMatrix:[.9060805439949036,-.1844543218612671,.3807799518108368,0,-.08027800172567368,.8086723685264587,.5827555656433105,0,-.4154181182384491,-.5585917234420776,.7179155349731445,0,-.06732909381389618,.007902119308710098,.07209732383489609,1],radius:.019088275730609894},"ring-finger-phalanx-proximal":{offsetMatrix:[.9391821026802063,-.027994679287075996,.34227466583251953,0,-.18282271921634674,.8029410243034363,.5673282742500305,0,-.2907087206840515,-.5954000353813171,.7489906549453735,0,-.047129884362220764,.03806127607822418,.032147664576768875,1],radius:.00992213748395443},"ring-finger-phalanx-intermediate":{offsetMatrix:[.9249380826950073,.03699534013867378,.3783116042613983,0,-.12898847460746765,.9667453765869141,.2208271026611328,0,-.3575615882873535,-.25304901599884033,.8989526629447937,0,-.03579339757561684,.06127955764532089,.002939916681498289,1],radius:.007611672393977642},"ring-finger-phalanx-distal":{offsetMatrix:[.9001164436340332,.03983335196971893,.4338230490684509,0,-.09662467986345291,.9892624020576477,.10964841395616531,0,-.4247973561286926,-.14061418175697327,.8943013548851013,0,-.026291755959391594,.06800390034914017,-.02094830758869648,1],radius:.007231088820844889},"ring-finger-tip":{offsetMatrix:[.9001164436340332,.03983335196971893,.4338230490684509,0,-.09662467986345291,.9892624020576477,.10964841395616531,0,-.4247973561286926,-.14061418175697327,.8943013548851013,0,-.016345610842108727,.07300511747598648,-.04263874143362045,1],radius:.0062310886569321156},"pinky-finger-metacarpal":{offsetMatrix:[.8